141
0.0 23.95
0.1 23.37
0.2 22.78
0.3 22.20
0.4 22.63
0.5 21.06
0.6 20.49
0.7 19.93
0.8 19.38
0.9 18.85
1.0 18.32
1.1 17.80
1.2 17.29
1.3 16.80
1.4 16.32
1.5 15.86
1.6 15.41
1.7 14.98
1.8 14.56
1.9 14.17
2.0 13.79
2.1 13.42
2.2 13.08
2.3 12.75
2.4 12.43
2.5 12.13
2.6 11.84
2.7 11.56
2.8 11.30
2.9 11.04
3.0 10.79
3.1 10.55
3.2 10.32
3.3 10.09
3.4 9.87
3.5 9.65
3.6 9.44
3.7 9.23
3.8 9.02
3.9 8.81
4.0 8.61
4.1 8.40
4.2 8.20
4.3 8.00
4.4 7.80
4.5 7.60
4.6 7.40
4.7 7.20
4.8 7.00
4.9 6.80
5.0 6.61
5.1 6.41
5.2 6.22
5.3 6.03
5.4 5.84
5.5 5.65
5.6 5.47
5.7 5.29
5.8 5.11
5.9 4.94
6.0 4.78
6.1 4.62
6.2 4.46
6.3 4.31
6.4 4.17
6.5 4.03
6.6 3.90
6.7 3.77
6.8 6.65
6.9 3.53
7.0 3.41
7.1 3.30
7.2 3.19
7.3 3.08
7.4 2.97
7.5 2.86
7.6 2.76
7.7 2.66
7.8 2.55
7.9 2.46
8.0 2.35
8.1 2.25
8.2 2.15
8.3 2.05
8.4 1.95
8.5 1.85
8.6 1.75
8.7 1.65
8.8 1.55
8.9 1.46
9.0 1.36
9.1 1.26
9.2 1.17
9.3 1.08
9.4 0.99
9.5 0.90
9.6 0.81
9.7 0.73
9.8 0.65
9.9 0.57
10.0 0.50
10.1 0.14
10.2 0.38
10.3 0.32
10.4 0.27
10.5 0.23
10.6 0.19
10.7 0.16
10.8 0.13
10.9 0.11
11.0 0.09
11.1 0.07
11.2 0.06
11.3 0.05
11.4 0.04
11.5 0.03
11.6 0.02
11.7 0.02
11.8 0.02
11.9 0.01
12.0 0.01
12.1 0.01
12.2 0.01
12.3 0.01
12.4 0.00
12.5 0.00
12.6 0.00
12.7 0.00
12.8 0.00
12.9 0.00
13.0 0.00
13.1 0.00
13.2 0.00
13.3 0.00
13.4 0.00
13.5 0.00
13.6 0.00
13.7 0.00
13.8 0.00
13.9 0.00
14.0 0.00