9
Ag+ 4
EDTA 1 7.3
OH- 3 2.3 3.6 4.8
NH3 2 3.4 7.4
CN- 4 -10.0 21.1 21.8 20.7
Ca2+ 2
EDTA 1 10.7
OH- 1 1.3
Cu2+ 4
EDTA 1 18.8
OH- 1 6.0
NH3 4 4.13 7.61 10.48 12.59
CN- 4 -10.0 24.0 28.6 30.3
Fe2+ 4
EDTA 1 14.3
OH- 1 4.5
NH3 4 1.4 2.2 -10.0 3.7
CN- 6 -10.0 -10.0 -10.0 -10.0 -10.0 35.4
Hg2+ 4
EDTA 1 21.8
OH- 2 10.3 21.7
NH3 4 8.80 17.50 18.5 19.4
CN- 4 18.0 34.7 38.5 41.5
Mg2+ 2
EDTA 1 8.7
OH- 1 2.7
Pb2+ 2
EDTA 1 18.0
OH- 3 6.2 10.3 13.3
Sn2+ 2
EDTA 1 22.1
OH- 1 10.1
Zn2+ 3
EDTA 1 16.5
OH- 1 4.4
enph 3 -10.0 -10.0 17.6
